0	0	0
1	0	3
2	0	5
3	0	2
4	1	1
5	1	2
6	1	4
7	1	3
8	1	0
9	2	1
10	2	4
11	2	5	
12	2	2
13	3	2
14	3	3
15	3	4
16	4	0	
17	4	3
18	4	4
19	4	5
20	4	2
21	5	1
22	5	0
23	5	4
24	6	3
25	6	1
26	6	0
27	6	5
28	7	2
29	7	3
30	7	4
-1
#<id_lop_mon>	<id_mon>	<sl_max>	<kieu_lop (0: LT, 1: BT, 2: TN, 3: LT+BT)>	<id_lop_di_kem>   
0	0	2	0	0		
1	0	3	1	0
2	0	6	2	2
3	1	2	3	3	
4	1	2	3	4
5	1	2	3	5
6	2	3	1	7
7	2	3	0	7
8	6	2	2	8
9	3	2	3	9
10	3	2	3	10
11	4	2	2	11
12	4	4	0	12
13	5	2	3	13
14	5	2	3	14
-1
0 	3
0 	5
0 	12
1 	7
1 	10
2 	6
2	7
2	11
3	4	
3	9
4	7
4	10
5	8
6	12
7	9
-1
LT		0
BT		1
TN		2
LT+BT	3